{
  "camera_angle_x": 0.5248904994153382,
  "camera_angle_y": 0.39770105236623016,
  "fl_x": 2892.33,
  "fl_y": 2883.18,
  "k1": 0,
  "k2": 0,
  "k3": 0,
  "k4": 0,
  "p1": 0,
  "p2": 0,
  "is_fisheye": false,
  "cx": 777.0,
  "cy": 581.0,
  "w": 1554.0,
  "h": 1162.0,
  "aabb_scale": 32,
  "frames": [
    {
      "file_path": "./../../data/dtu_datasets/dtu_robust/scan24/data_0.3/images/0048.png",
      "sharpness": 155.04986682220792,
      "transform_matrix": [
        [
          -0.34410991883784336,
          0.02388299494092801,
          0.938625767104688,
          3.756327269360255
        ],
        [
          0.8623087552896934,
          0.40357365331805783,
          0.305862643010246,
          1.217776668153317
        ],
        [
          -0.3714996671154868,
          0.9146355990279609,
          -0.15946821091506433,
          -0.6371943863212455
        ],
        [
          0.0,
          0.0,
          0.0,
          1.0
        ]
      ]
    },
    {
      "file_path": "./../../data/dtu_datasets/dtu_robust/scan24/data_0.3/images/0047.png",
      "sharpness": 179.33406514256404,
      "transform_matrix": [
        [
          -0.522565107075721,
          0.03216241733618458,
          0.8519927493047688,
          3.4101060237090226
        ],
        [
          0.7962588675705702,
          0.3756399309229121,
          0.4742009104271507,
          1.8943511629112333
        ],
        [
          -0.3047910702872369,
          0.9262076223889907,
          -0.22190593414444018,
          -0.8869775521000385
        ],
        [
          0.0,
          0.0,
          0.0,
          1.0
        ]
      ]
    },
    {
      "file_path": "./../../data/dtu_datasets/dtu_robust/scan24/data_0.3/images/0046.png",
      "sharpness": 197.49315173938717,
      "transform_matrix": [
        [
          -0.6798387032038957,
          0.046200661919717785,
          0.731905473894979,
          2.9291314284861305
        ],
        [
          0.6974380306028531,
          0.34926151667859373,
          0.6257769116780667,
          2.5050490714530818
        ],
        [
          -0.22671526741555617,
          0.9358859805799,
          -0.2696636430061786,
          -1.0788461513652339
        ],
        [
          0.0,
          0.0,
          0.0,
          1.0
        ]
      ]
    },
    {
      "file_path": "./../../data/dtu_datasets/dtu_robust/scan24/data_0.3/images/0045.png",
      "sharpness": 202.12723670027125,
      "transform_matrix": [
        [
          -0.8109762560669962,
          0.06590522271412215,
          0.581354752729709,
          2.3297276968457274
        ],
        [
          0.5682362826733389,
          0.3254172733380514,
          0.7557849725501066,
          3.022662487433326
        ],
        [
          -0.13937250279814506,
          0.9432706860071871,
          -0.30135533299518724,
          -1.2040449600180898
        ],
        [
          0.0,
          0.0,
          0.0,
          1.0
        ]
      ]
    },
    {
      "file_path": "./../../data/dtu_datasets/dtu_robust/scan24/data_0.3/images/0044.png",
      "sharpness": 210.3486715179367,
      "transform_matrix": [
        [
          -0.9078482857073357,
          0.08975647989546266,
          0.4095795953175213,
          1.642136126471791
        ],
        [
          0.4164985237286099,
          0.3057463899473941,
          0.8561823396794569,
          3.4256685505164515
        ],
        [
          -0.0483796327853555,
          0.9478729050165998,
          -0.3149548146886719,
          -1.2588478371624339
        ],
        [
          0.0,
          0.0,
          0.0,
          1.0
        ]
      ]
    },
    {
      "file_path": "./../../data/dtu_datasets/dtu_robust/scan24/data_0.3/images/0043.png",
      "sharpness": 206.92332322504424,
      "transform_matrix": [
        [
          -0.9679819098255681,
          0.11690067691412312,
          0.22213395619550774,
          0.8906870351333431
        ],
        [
          0.24720629851867512,
          0.2903398099342705,
          0.9244408775813738,
          3.6999912884260224
        ],
        [
          0.04357408006391845,
          0.9497557204995623,
          -0.3099417772603521,
          -1.2385266018713714
        ],
        [
          0.0,
          0.0,
          0.0,
          1.0
        ]
      ]
    },
    {
      "file_path": "./../../data/dtu_datasets/dtu_robust/scan24/data_0.3/images/0042.png",
      "sharpness": 204.01078595178797,
      "transform_matrix": [
        [
          -0.9888299029153055,
          0.14653335590851618,
          0.027254255261921708,
          0.10972631362506854
        ],
        [
          0.0678170062346526,
          0.2795038117524397,
          0.9577463682712679,
          3.8338916960485467
        ],
        [
          0.13272433990578716,
          0.9488968595867023,
          -0.28631897341968876,
          -1.1431246239962352
        ],
        [
          0.0,
          0.0,
          0.0,
          1.0
        ]
      ]
    },
    {
      "file_path": "./../../data/dtu_datasets/dtu_robust/scan24/data_0.3/images/0041.png",
      "sharpness": 209.88210081604325,
      "transform_matrix": [
        [
          -0.9693731629914724,
          0.17744957892568597,
          -0.16978369990294173,
          -0.6735314333247275
        ],
        [
          -0.11717959692044469,
          0.2733686307666682,
          0.9547449779971405,
          3.82207383502875
        ],
        [
          0.21583290902184918,
          0.9453998145471664,
          -0.2442024192459136,
          -0.9765116818478158
        ],
        [
          0.0,
          0.0,
          0.0,
          1.0
        ]
      ]
    },
    {
      "file_path": "./../../data/dtu_datasets/dtu_robust/scan24/data_0.3/images/0040.png",
      "sharpness": 204.75700954951387,
      "transform_matrix": [
        [
          -0.9104772973837751,
          0.2082318023839124,
          -0.35731025127376986,
          -1.4260359046914572
        ],
        [
          -0.2966122703533803,
          0.27327001552348995,
          0.9150653888791447,
          3.663542706462656
        ],
        [
          0.288187890602604,
          0.939128861887858,
          -0.1870420411851212,
          -0.7480933430539735
        ],
        [
          0.0,
          0.0,
          0.0,
          1.0
        ]
      ]
    },
    {
      "file_path": "./../../data/dtu_datasets/dtu_robust/scan24/data_0.3/images/0039.png",
      "sharpness": 181.2746163514673,
      "transform_matrix": [
        [
          -0.8147864463223727,
          0.23773848329291297,
          -0.528775171556517,
          -2.1142552701191666
        ],
        [
          -0.4640661297065719,
          0.2792545982460265,
          0.8406302804200634,
          3.36534893673776
        ],
        [
          0.3475131421301901,
          0.930320993893544,
          -0.11720634783866965,
          -0.4671702806080351
        ],
        [
          0.0,
          0.0,
          0.0,
          1.0
        ]
      ]
    },
    {
      "file_path": "./../../data/dtu_datasets/dtu_robust/scan24/data_0.3/images/0038.png",
      "sharpness": 106.02794328654656,
      "transform_matrix": [
        [
          -0.6862020701539242,
          0.265301005192758,
          -0.677304775224456,
          -2.712853944856016
        ],
        [
          -0.6129774376418212,
          0.29042149190730787,
          0.7347882174956339,
          2.9399631819035243
        ],
        [
          0.391643994518404,
          0.919385980270986,
          -0.036664122141589026,
          -0.14571329642007547
        ],
        [
          0.0,
          0.0,
          0.0,
          1.0
        ]
      ]
    },
    {
      "file_path": "./../../data/dtu_datasets/dtu_robust/scan24/data_0.3/images/0037.png",
      "sharpness": 150.51631622182228,
      "transform_matrix": [
        [
          -0.8004343782703249,
          0.32946948578378793,
          -0.5007540578219299,
          -2.005139914491555
        ],
        [
          -0.4981895912329182,
          0.09890403722991971,
          0.8614087833121409,
          3.445827494056056
        ],
        [
          0.3333345151853398,
          0.9389716876291182,
          0.08497209834593558,
          0.33876729597147803
        ],
        [
          0.0,
          0.0,
          0.0,
          1.0
        ]
      ]
    },
    {
      "file_path": "./../../data/dtu_datasets/dtu_robust/scan24/data_0.3/images/0036.png",
      "sharpness": 191.49668720476245,
      "transform_matrix": [
        [
          -0.9064767787978784,
          0.26071428634663685,
          -0.33215678285296946,
          -1.3305289189288052
        ],
        [
          -0.32280468567607523,
          0.07923085873805272,
          0.9431435592983783,
          3.773700747892112
        ],
        [
          0.27220801039808373,
          0.9621593660924438,
          0.012338743379744313,
          0.048539109824229806
        ],
        [
          0.0,
          0.0,
          0.0,
          1.0
        ]
      ]
    },
    {
      "file_path": "./../../data/dtu_datasets/dtu_robust/scan24/data_0.3/images/0020.png",
      "sharpness": 120.86373310730731,
      "transform_matrix": [
        [
          -0.8512459572116927,
          0.365999623155905,
          -0.37606295453818384,
          -1.5044423957792417
        ],
        [
          -0.4377375887846781,
          -0.10000403633999619,
          0.893523357474802,
          3.575449357480549
        ],
        [
          0.2894216284833604,
          0.9252257887989134,
          0.24534061451491868,
          0.9802069716919899
        ],
        [
          0.0,
          0.0,
          0.0,
          1.0
        ]
      ]
    },
    {
      "file_path": "./../../data/dtu_datasets/dtu_robust/scan24/data_0.3/images/0021.png",
      "sharpness": 178.1005568190882,
      "transform_matrix": [
        [
          -0.9478699460976158,
          0.24808808600794433,
          -0.19999133946139339,
          -0.8000830386023742
        ],
        [
          -0.23597806147685627,
          -0.12471401975887876,
          0.9637230133191214,
          3.8565251685259994
        ],
        [
          0.21414610129481132,
          0.9606766679009272,
          0.17675501959355075,
          0.7055787525767846
        ],
        [
          0.0,
          0.0,
          0.0,
          1.0
        ]
      ]
    },
    {
      "file_path": "./../../data/dtu_datasets/dtu_robust/scan24/data_0.3/images/0022.png",
      "sharpness": 190.1560739865747,
      "transform_matrix": [
        [
          -0.9921318789787243,
          0.12495078137674213,
          -0.007904048621020275,
          -0.030295455177239423
        ],
        [
          -0.02325475783949267,
          -0.12187754707132138,
          0.9922729871323746,
          3.97154283751386
        ],
        [
          0.12302173735045913,
          0.984648994856167,
          0.12382383682597121,
          0.49263094872335467
        ],
        [
          0.0,
          0.0,
          0.0,
          1.0
        ]
      ]
    },
    {
      "file_path": "./../../data/dtu_datasets/dtu_robust/scan24/data_0.3/images/0023.png",
      "sharpness": 213.3641148437503,
      "transform_matrix": [
        [
          -0.9817427991027688,
          0.003633989367013141,
          0.19017866028437622,
          0.7650989103404382
        ],
        [
          0.1890486671629604,
          -0.09183186140602774,
          0.9776643314445842,
          3.9114047108990486
        ],
        [
          0.02101726612022963,
          0.9957679116044652,
          0.08946824196027454,
          0.3538510719780123
        ],
        [
          0.0,
          0.0,
          0.0,
          1.0
        ]
      ]
    },
    {
      "file_path": "./../../data/dtu_datasets/dtu_robust/scan24/data_0.3/images/0024.png",
      "sharpness": 212.38314472767578,
      "transform_matrix": [
        [
          -0.9169184728497535,
          -0.10974892943098424,
          0.3836865204397716,
          1.539199334699165
        ],
        [
          0.3897015637772857,
          -0.03909183007454656,
          0.9201110390730511,
          3.679668598013135
        ],
        [
          -0.08598207590274977,
          0.9931902110597712,
          0.07861349295554432,
          0.3113703428627448
        ],
        [
          0.0,
          0.0,
          0.0,
          1.0
        ]
      ]
    },
    {
      "file_path": "./../../data/dtu_datasets/dtu_robust/scan24/data_0.3/images/0025.png",
      "sharpness": 192.21683641257826,
      "transform_matrix": [
        [
          -0.8005430528055792,
          -0.20923151292337538,
          0.5615633403198971,
          2.2458712692239273
        ],
        [
          0.5674979534639814,
          0.03641043233098755,
          0.8225694712483115,
          3.292934191024356
        ],
        [
          -0.192554360817784,
          0.9771881645913415,
          0.08959021483601723,
          0.35529604191030617
        ],
        [
          0.0,
          0.0,
          0.0,
          1.0
        ]
      ]
    },
    {
      "file_path": "./../../data/dtu_datasets/dtu_robust/scan24/data_0.3/images/0026.png",
      "sharpness": 184.89071260702528,
      "transform_matrix": [
        [
          -0.6410232521915631,
          -0.2876891229638621,
          0.7115648670432018,
          2.846229111907798
        ],
        [
          0.7100094090673358,
          0.12984271495005534,
          0.69211822756098,
          2.769227774805277
        ],
        [
          -0.29150653132716986,
          0.948881517746728,
          0.12102971432746773,
          0.48256621137339517
        ],
        [
          0.0,
          0.0,
          0.0,
          1.0
        ]
      ]
    },
    {
      "file_path": "./../../data/dtu_datasets/dtu_robust/scan24/data_0.3/images/0027.png",
      "sharpness": 181.12581036286778,
      "transform_matrix": [
        [
          -0.44628923778050444,
          -0.3417144878772289,
          0.8270775051969868,
          3.3086660522174753
        ],
        [
          0.8110107789045953,
          0.23622585266338714,
          0.5352185332250387,
          2.139595351919837
        ],
        [
          -0.37826902795439954,
          0.9096310358839448,
          0.17170907444344458,
          0.6858942816127949
        ],
        [
          0.0,
          0.0,
          0.0,
          1.0
        ]
      ]
    },
    {
      "file_path": "./../../data/dtu_datasets/dtu_robust/scan24/data_0.3/images/0028.png",
      "sharpness": 173.21177705187543,
      "transform_matrix": [
        [
          -0.27786560567266894,
          -0.17503210727683152,
          0.9445389636947916,
          3.7783770240000427
        ],
        [
          0.8667572497135517,
          0.3782315113024819,
          0.3250733889233941,
          1.2977853468164238
        ],
        [
          -0.41415277915815224,
          0.9090126804232834,
          0.046612820550812006,
          0.18509779292503212
        ],
        [
          0.0,
          0.0,
          0.0,
          1.0
        ]
      ]
    },
    {
      "file_path": "./../../data/dtu_datasets/dtu_robust/scan24/data_0.3/images/0029.png",
      "sharpness": 187.71016273089776,
      "transform_matrix": [
        [
          -0.4724415340573527,
          -0.15748642943515107,
          0.8671771675483929,
          3.4681020791869224
        ],
        [
          0.8097941338777307,
          0.3108106528977788,
          0.4976244416757656,
          1.991910069546109
        ],
        [
          -0.3478969323588071,
          0.9373334691125373,
          -0.01930826303859071,
          -0.07905207505181043
        ],
        [
          0.0,
          0.0,
          0.0,
          1.0
        ]
      ]
    },
    {
      "file_path": "./../../data/dtu_datasets/dtu_robust/scan24/data_0.3/images/0034.png",
      "sharpness": 213.5701259214034,
      "transform_matrix": [
        [
          -0.992119347772761,
          0.11445194879010616,
          0.050997579489033704,
          0.20105567749999478
        ],
        [
          0.060862834105624056,
          0.08442620162582626,
          0.9945694797188934,
          3.981113920549541
        ],
        [
          0.10952461687163302,
          0.9898350463132543,
          -0.09072708711360737,
          -0.36427942366179067
        ],
        [
          0.0,
          0.0,
          0.0,
          1.0
        ]
      ]
    },
    {
      "file_path": "./../../data/dtu_datasets/dtu_robust/scan24/data_0.3/images/0035.png",
      "sharpness": 201.74909601579725,
      "transform_matrix": [
        [
          -0.9713611365377214,
          0.18794592098986895,
          -0.1453739191075449,
          -0.584249240033585
        ],
        [
          -0.13356058580971072,
          0.07412891852930585,
          0.9882642670585333,
          3.9553551909758946
        ],
        [
          0.1965167377876491,
          0.9793779018082104,
          -0.046903637869642086,
          -0.1881614218468955
        ],
        [
          0.0,
          0.0,
          0.0,
          1.0
        ]
      ]
    },
    {
      "file_path": "./../../data/dtu_datasets/dtu_robust/scan24/data_0.3/images/0033.png",
      "sharpness": 221.1589659393681,
      "transform_matrix": [
        [
          -0.9679249198205052,
          0.043470066692539173,
          0.24744869570392797,
          0.9871023533910314
        ],
        [
          0.25078899874949834,
          0.1083034713861028,
          0.9619640111714088,
          3.8505293671228804
        ],
        [
          0.015017389096018298,
          0.9931667561362307,
          -0.11573113136425688,
          -0.4648340414092117
        ],
        [
          0.0,
          0.0,
          0.0,
          1.0
        ]
      ]
    },
    {
      "file_path": "./../../data/dtu_datasets/dtu_robust/scan24/data_0.3/images/0032.png",
      "sharpness": 217.16368178714595,
      "transform_matrix": [
        [
          -0.8998354919312358,
          -0.022395308038324513,
          0.43565295361636897,
          1.7413988004995957
        ],
        [
          0.4283393824660367,
          0.14371223628028001,
          0.8921164055873325,
          3.570886764776725
        ],
        [
          -0.08258750260746145,
          0.9893657393945365,
          -0.11972427790693768,
          -0.4813248338747378
        ],
        [
          0.0,
          0.0,
          0.0,
          1.0
        ]
      ]
    },
    {
      "file_path": "./../../data/dtu_datasets/dtu_robust/scan24/data_0.3/images/0031.png",
      "sharpness": 205.63506090292427,
      "transform_matrix": [
        [
          -0.7910066326827713,
          -0.07956535734786378,
          0.6066117239760201,
          2.425258003728862
        ],
        [
          0.5852432655458896,
          0.19058885730145791,
          0.7881409647975065,
          3.155773723564167
        ],
        [
          -0.17832212669255573,
          0.978440179828806,
          -0.1041919456650776,
          -0.4195529604738789
        ],
        [
          0.0,
          0.0,
          0.0,
          1.0
        ]
      ]
    },
    {
      "file_path": "./../../data/dtu_datasets/dtu_robust/scan24/data_0.3/images/0030.png",
      "sharpness": 198.74705467077686,
      "transform_matrix": [
        [
          -0.6462396607666417,
          -0.12521917792547604,
          0.7527913810825484,
          3.010315626368774
        ],
        [
          0.7144813099020484,
          0.2473064210750755,
          0.6544891799811767,
          2.6204861164484003
        ],
        [
          -0.26812484159901967,
          0.960812169095502,
          -0.07035249352761534,
          -0.28342224214044587
        ],
        [
          0.0,
          0.0,
          0.0,
          1.0
        ]
      ]
    },
    {
      "file_path": "./../../data/dtu_datasets/dtu_robust/scan24/data_0.3/images/0019.png",
      "sharpness": 81.18681087120633,
      "transform_matrix": [
        [
          -0.7078272092957062,
          0.4719821157198204,
          -0.5255617595584351,
          -2.104300815980643
        ],
        [
          -0.6164478007686974,
          -0.04942766882060296,
          0.7858437399153152,
          3.142497351059365
        ],
        [
          0.34492665850388216,
          0.8802219724693585,
          0.3259375048401929,
          1.3034552271932232
        ],
        [
          0.0,
          0.0,
          0.0,
          1.0
        ]
      ]
    },
    {
      "file_path": "./../../data/dtu_datasets/dtu_robust/scan24/data_0.3/images/0018.png",
      "sharpness": 82.44678579426245,
      "transform_matrix": [
        [
          -0.8106941022209831,
          0.46836847658308445,
          -0.3512968870702693,
          -1.4033858526985237
        ],
        [
          -0.5068261957722952,
          -0.2610417985567588,
          0.8215760863405577,
          3.2849313319250046
        ],
        [
          0.29309676384211397,
          0.8440914308489675,
          0.44900399283366865,
          1.7973893387261164
        ],
        [
          0.0,
          0.0,
          0.0,
          1.0
        ]
      ]
    },
    {
      "file_path": "./../../data/dtu_datasets/dtu_robust/scan24/data_0.3/images/0017.png",
      "sharpness": 109.9896773845601,
      "transform_matrix": [
        [
          -0.9379295812183581,
          0.29398403914453397,
          -0.18401481802412042,
          -0.7359468152367938
        ],
        [
          -0.2760860448610622,
          -0.31174637918557957,
          0.9091703168176248,
          3.6354744537262937
        ],
        [
          0.20991561368896125,
          0.9035416757578781,
          0.3735610635498399,
          1.4950778889417622
        ],
        [
          0.0,
          0.0,
          0.0,
          1.0
        ]
      ]
    },
    {
      "file_path": "./../../data/dtu_datasets/dtu_robust/scan24/data_0.3/images/0016.png",
      "sharpness": 177.52023315981512,
      "transform_matrix": [
        [
          -0.9942139151247255,
          0.10720085784473443,
          0.006789141866903335,
          0.02631441006548995
        ],
        [
          -0.027396937645515474,
          -0.3141870445680228,
          0.9489654714934934,
          3.795123384103852
        ],
        [
          0.10386308438911933,
          0.9432889944139254,
          0.31530647863375916,
          1.2609354076364285
        ],
        [
          0.0,
          0.0,
          0.0,
          1.0
        ]
      ]
    },
    {
      "file_path": "./../../data/dtu_datasets/dtu_robust/scan24/data_0.3/images/0005.png",
      "sharpness": 87.06820272616012,
      "transform_matrix": [
        [
          -0.7373678344878962,
          0.601297047152587,
          -0.30778113076892993,
          -1.2304320988663837
        ],
        [
          -0.6023787135716847,
          -0.37915789899226665,
          0.7024087350409467,
          2.8072216503842595
        ],
        [
          0.3056587189641351,
          0.7033350566029729,
          0.6417884181999299,
          2.5653851275954898
        ],
        [
          0.0,
          0.0,
          0.0,
          1.0
        ]
      ]
    },
    {
      "file_path": "./../../data/dtu_datasets/dtu_robust/scan24/data_0.3/images/0004.png",
      "sharpness": 78.39243327098808,
      "transform_matrix": [
        [
          -0.7771995588283939,
          0.6039238594764561,
          -0.1767432667654534,
          -0.7001543453457999
        ],
        [
          -0.562289041225648,
          -0.5404439111800318,
          0.6259014753243416,
          2.500128688354497
        ],
        [
          0.28247701169149236,
          0.5858305680381874,
          0.7596113739786433,
          3.036075559244578
        ],
        [
          0.0,
          0.0,
          0.0,
          1.0
        ]
      ]
    },
    {
      "file_path": "./../../data/dtu_datasets/dtu_robust/scan24/data_0.3/images/0003.png",
      "sharpness": 111.4353076816798,
      "transform_matrix": [
        [
          -0.9838635718678725,
          0.1782562251631085,
          -0.015392763353139872,
          -0.06261287146903692
        ],
        [
          -0.13124249176508465,
          -0.6605432245430717,
          0.7392278598462662,
          2.9528673620858013
        ],
        [
          0.12160438407201667,
          0.7293196648262811,
          0.6732794168669047,
          2.69318572001415
        ],
        [
          0.0,
          0.0,
          0.0,
          1.0
        ]
      ]
    },
    {
      "file_path": "./../../data/dtu_datasets/dtu_robust/scan24/data_0.3/images/0002.png",
      "sharpness": 117.67941764302185,
      "transform_matrix": [
        [
          -0.9416187396309255,
          -0.27530232702925367,
          0.19380875508562637,
          0.7726125340219496
        ],
        [
          0.3218351860089646,
          -0.5669655737373851,
          0.7582686241043858,
          3.030496525092128
        ],
        [
          -0.0988702083263491,
          0.7763749163575621,
          0.622468129034871,
          2.4900315387634175
        ],
        [
          0.0,
          0.0,
          0.0,
          1.0
        ]
      ]
    },
    {
      "file_path": "./../../data/dtu_datasets/dtu_robust/scan24/data_0.3/images/0000.png",
      "sharpness": 132.66961666437282,
      "transform_matrix": [
        [
          -0.21664044471702057,
          -0.8187708424118674,
          0.5316777408626373,
          2.1160626870946158
        ],
        [
          0.8442180293891405,
          0.11638028058660801,
          0.5232126999510551,
          2.094675157621571
        ],
        [
          -0.49026810659674763,
          0.5622009761882328,
          0.6660084309217656,
          2.664285111836205
        ],
        [
          0.0,
          0.0,
          0.0,
          1.0
        ]
      ]
    },
    {
      "file_path": "./../../data/dtu_datasets/dtu_robust/scan24/data_0.3/images/0001.png",
      "sharpness": 116.57363983338628,
      "transform_matrix": [
        [
          -0.6615863905998857,
          -0.6383996427698408,
          0.3933816502319352,
          1.5674227046504674
        ],
        [
          0.6772694759032221,
          -0.2835230481464027,
          0.6789112857459948,
          2.713543593764275
        ],
        [
          -0.3218839488776585,
          0.7155839968130419,
          0.6199437355484377,
          2.4805275910749836
        ],
        [
          0.0,
          0.0,
          0.0,
          1.0
        ]
      ]
    },
    {
      "file_path": "./../../data/dtu_datasets/dtu_robust/scan24/data_0.3/images/0006.png",
      "sharpness": 117.71216786163333,
      "transform_matrix": [
        [
          -0.9220485089303774,
          0.3534310876369222,
          -0.15783672301192644,
          -0.6294829909816465
        ],
        [
          -0.3238369241341078,
          -0.4810012259089173,
          0.8147189522717863,
          3.257824376894892
        ],
        [
          0.21202739296241965,
          0.8023240497985308,
          0.5579609460244281,
          2.229005513423941
        ],
        [
          0.0,
          0.0,
          0.0,
          1.0
        ]
      ]
    },
    {
      "file_path": "./../../data/dtu_datasets/dtu_robust/scan24/data_0.3/images/0007.png",
      "sharpness": 134.51892163518207,
      "transform_matrix": [
        [
          -0.9968340452751403,
          0.0732555201269566,
          0.030881949727059776,
          0.12522628940339411
        ],
        [
          -0.009416086064675987,
          -0.49451935399994246,
          0.8691147423430372,
          3.4756573672837336
        ],
        [
          0.07893937300519137,
          0.8660733345001589,
          0.49364484712433615,
          1.9717194096150337
        ],
        [
          0.0,
          0.0,
          0.0,
          1.0
        ]
      ]
    },
    {
      "file_path": "./../../data/dtu_datasets/dtu_robust/scan24/data_0.3/images/0008.png",
      "sharpness": 162.26084582608772,
      "transform_matrix": [
        [
          -0.9499823261875037,
          -0.20440663189893632,
          0.23611711323722073,
          0.9476346991350305
        ],
        [
          0.3027642946470496,
          -0.41735091679787956,
          0.8568265985217345,
          3.42627714440378
        ],
        [
          -0.07659731197495437,
          0.8854580756577337,
          0.45836317442393015,
          1.8303989205707905
        ],
        [
          0.0,
          0.0,
          0.0,
          1.0
        ]
      ]
    },
    {
      "file_path": "./../../data/dtu_datasets/dtu_robust/scan24/data_0.3/images/0009.png",
      "sharpness": 151.36646475061661,
      "transform_matrix": [
        [
          -0.7872747291117702,
          -0.44310059828211074,
          0.4287890385101376,
          1.714303231630143
        ],
        [
          0.5702745266857924,
          -0.2587840800644515,
          0.7796265263280473,
          3.116898946514769
        ],
        [
          -0.23448913203550434,
          0.8583079130752885,
          0.4564233450278102,
          1.8247109767878247
        ],
        [
          0.0,
          0.0,
          0.0,
          1.0
        ]
      ]
    },
    {
      "file_path": "./../../data/dtu_datasets/dtu_robust/scan24/data_0.3/images/0010.png",
      "sharpness": 136.07121037164399,
      "transform_matrix": [
        [
          -0.5298485894787242,
          -0.6145606845496301,
          0.5844446060464737,
          2.3348249328144233
        ],
        [
          0.760263408061922,
          -0.038788644219256485,
          0.648455775324433,
          2.592462001380799
        ],
        [
          -0.3758455646065004,
          0.7879153086241428,
          0.4877801665238024,
          1.950378217740878
        ],
        [
          0.0,
          0.0,
          0.0,
          1.0
        ]
      ]
    },
    {
      "file_path": "./../../data/dtu_datasets/dtu_robust/scan24/data_0.3/images/0011.png",
      "sharpness": 150.93806221412385,
      "transform_matrix": [
        [
          -0.25540412307228866,
          -0.5399325058073828,
          0.8020234817829943,
          3.204250011685466
        ],
        [
          0.851838819351887,
          0.2667076825474639,
          0.4508188683896047,
          1.802680591281459
        ],
        [
          -0.4573175849487099,
          0.7983357338442056,
          0.39181722648978345,
          1.5683493370671544
        ],
        [
          0.0,
          0.0,
          0.0,
          1.0
        ]
      ]
    },
    {
      "file_path": "./../../data/dtu_datasets/dtu_robust/scan24/data_0.3/images/0012.png",
      "sharpness": 150.10872834818946,
      "transform_matrix": [
        [
          -0.5073794758049395,
          -0.48717906301860864,
          0.7107899644377923,
          2.839162422841359
        ],
        [
          0.777606778683905,
          0.09660098285759994,
          0.6212856392767171,
          2.485664705819554
        ],
        [
          -0.3713402780098964,
          0.8679427581982416,
          0.32982043182571585,
          1.3201878001532328
        ],
        [
          0.0,
          0.0,
          0.0,
          1.0
        ]
      ]
    },
    {
      "file_path": "./../../data/dtu_datasets/dtu_robust/scan24/data_0.3/images/0013.png",
      "sharpness": 159.47259859695728,
      "transform_matrix": [
        [
          -0.7218488464190916,
          -0.38686237534646145,
          0.5738212904131885,
          2.2933508973967145
        ],
        [
          0.639819775191737,
          -0.05705985055844302,
          0.7664035140516725,
          3.0650133361481244
        ],
        [
          -0.2637502192811071,
          0.9203701123153245,
          0.2887111256609872,
          1.1552728619953903
        ],
        [
          0.0,
          0.0,
          0.0,
          1.0
        ]
      ]
    },
    {
      "file_path": "./../../data/dtu_datasets/dtu_robust/scan24/data_0.3/images/0014.png",
      "sharpness": 184.96350319297417,
      "transform_matrix": [
        [
          -0.8817400036236809,
          -0.24632669278008937,
          0.40231610911961624,
          1.6098776391929959
        ],
        [
          0.44982163943963116,
          -0.18211080272201585,
          0.8743549007542306,
          3.4963592237669645
        ],
        [
          -0.14211099803889948,
          0.9519239089170374,
          0.27137718524984067,
          1.0854225665126258
        ],
        [
          0.0,
          0.0,
          0.0,
          1.0
        ]
      ]
    },
    {
      "file_path": "./../../data/dtu_datasets/dtu_robust/scan24/data_0.3/images/0015.png",
      "sharpness": 184.3274372281349,
      "transform_matrix": [
        [
          -0.9749054511838942,
          -0.07756230101586445,
          0.2086701659290203,
          0.8322257702421337
        ],
        [
          0.2220096483960994,
          -0.26943751874282273,
          0.937077897427677,
          3.7490803673334847
        ],
        [
          -0.01645829462220368,
          0.9598892569607335,
          0.27989581134126557,
          1.1189929062573014
        ],
        [
          0.0,
          0.0,
          0.0,
          1.0
        ]
      ]
    }
  ]
}